mX	mY	CLs	CLsexp	clsu1s	clsd1s	ObsSig	ExpSig	ExpSigUp1s	ExpSigDn1s
200	 12	5.6962e-01	6.7563e-01	8.5526e-01	4.9183e-01	-0.1754000	-0.455500	-1.0593000	 0.020482
200	 27	7.8449e-01	7.2529e-01	8.8157e-01	5.5645e-01	-0.7874500	-0.598620	-1.1829000	-0.141970
225	 42	7.7262e-01	7.0571e-01	8.7140e-01	5.3045e-01	-0.7475100	-0.540890	-1.1331000	-0.076409
225	 52	9.0376e-01	8.9351e-01	9.5893e-01	8.0947e-01	-1.3033000	-1.245400	-1.7384000	-0.875940
250	 62	5.1454e-01	2.7649e-01	5.5250e-01	1.1590e-01	-0.0364520	 0.593310	-0.1319700	 1.195700
250	 77	8.4795e-01	8.2069e-01	9.2749e-01	6.9317e-01	-1.0277000	-0.917990	-1.4574000	-0.504860
300	112	1.8494e-01	5.5109e-02	2.1312e-01	1.1102e-02	 0.8966900	 1.597200	 0.7956500	 2.286900
300	127	6.2678e-01	4.0455e-01	6.7286e-01	2.1028e-01	-0.3233500	 0.241580	-0.4478400	 0.805440
350	150	6.3805e-02	1.4063e-02	8.6460e-02	1.7300e-03	 1.5236000	 2.195500	 1.3629000	 2.923600
350	162	5.9747e-01	3.2804e-01	6.0468e-01	1.5102e-01	-0.2467900	 0.445340	-0.2654900	 1.032100
350	177	7.5587e-01	6.7703e-01	8.5603e-01	4.9359e-01	-0.6930900	-0.459400	-1.0626000	 0.016062
400	175	8.5689e-03	1.2088e-03	1.5035e-02	7.1454e-05	 2.3837000	 3.033500	 2.1692000	 3.803100
400	200	2.2062e-01	7.7388e-02	2.6365e-01	1.7882e-02	 0.7700900	 1.422900	 0.6321200	 2.099600
400	212	4.8562e-01	2.2817e-01	4.9772e-01	8.6501e-02	 0.0360520	 0.744890	 0.0057274	 1.362600
400	227	7.8771e-01	7.3050e-01	8.8423e-01	5.6348e-01	-0.7985100	-0.614330	-1.1964000	-0.159810
450	150	3.9253e-08	5.7257e-09	8.3379e-07	2.7791e-11	 5.3705000	 5.707700	 4.7900000	 6.555200
450	200	2.8242e-04	1.2944e-04	2.7878e-03	4.3568e-06	 3.4480000	 3.653300	 2.7717000	 4.446900
450	250	3.3172e-01	1.7333e-01	4.2650e-01	5.7347e-02	 0.4351800	 0.941090	 0.1853000	 1.577400
450	262	6.5832e-01	4.8098e-01	7.3229e-01	2.7810e-01	-0.4078700	 0.047706	-0.6197400	 0.588500
450	277	7.3435e-01	6.3825e-01	8.3425e-01	4.4601e-01	-0.6260300	-0.353790	-0.9711100	 0.135750
450	 50	7.9294e-10	3.2763e-10	7.4662e-08	1.0130e-12	 6.0354000	 6.176500	 5.2534000	 7.032700
500	100	6.6279e-11	1.2506e-11	4.5938e-09	2.3920e-14	 6.4242000	 6.673300	 5.7451000	 7.538000
500	  1	1.9356e-10	6.6177e-11	1.9132e-08	1.6105e-13	 6.2591000	 6.424400	 5.4987000	 7.284800
500	200	2.9311e-04	9.9598e-05	2.2780e-03	3.1526e-06	 3.4379000	 3.720000	 2.8369000	 4.515900
500	250	3.1744e-02	1.5274e-02	9.1474e-02	1.9317e-03	 1.8558000	 2.162900	 1.3317000	 2.889100
500	300	4.5391e-01	2.3358e-01	5.0419e-01	8.9625e-02	 0.1157800	 0.727090	-0.0104920	 1.343100
500	312	6.7755e-01	5.2410e-01	7.6269e-01	3.2027e-01	-0.4608700	-0.060458	-0.7149900	 0.466950
500	327	7.6191e-01	6.8751e-01	8.6172e-01	5.0690e-01	-0.7124600	-0.488800	-1.0881000	-0.017294
500	 50	9.4571e-07	1.7836e-07	1.4481e-05	1.5609e-09	 4.7647000	 5.090700	 4.1815000	 5.925100
550	100	2.9816e-05	5.3586e-06	2.2873e-04	8.9907e-08	 4.0143000	 4.402200	 3.5045000	 5.219100
550	  1	1.4978e-05	2.9493e-06	1.4173e-04	4.3882e-08	 4.1738000	 4.530000	 3.6300000	 5.350400
550	250	2.3997e-03	9.7663e-04	1.2842e-02	5.4518e-05	 2.8202000	 3.097200	 2.2310000	 3.869600
550	300	9.2351e-02	4.4753e-02	1.8658e-01	8.3157e-03	 1.3264000	 1.698000	 0.8905800	 2.394800
550	350	5.0059e-01	3.4601e-01	6.2161e-01	1.6418e-01	-0.0014882	 0.396110	-0.3097000	 0.977440
550	362	7.6433e-01	6.9167e-01	8.6395e-01	5.1223e-01	-0.7203100	-0.500590	-1.0983000	-0.030667
550	377	6.9118e-01	5.5321e-01	7.8209e-01	3.5035e-01	-0.4992100	-0.133770	-0.7792800	 0.384380
550	 50	3.3226e-03	2.8994e-04	5.1627e-03	1.1856e-05	 2.7141000	 3.440900	 2.5647000	 4.226700
600	100	4.3916e-05	7.2114e-06	2.8991e-04	1.2858e-07	 3.9220000	 4.337300	 3.4409000	 5.152400
600	150	1.1075e-02	1.8510e-03	2.0555e-02	1.2300e-04	 2.2878000	 2.902500	 2.0424000	 3.666400
600	  1	1.5831e-02	2.6296e-03	2.6530e-02	1.9297e-04	 2.1486000	 2.790700	 1.9344000	 3.549500
600	200	7.3582e-03	2.1786e-03	2.3146e-02	1.5154e-04	 2.4393000	 2.851100	 1.9927000	 3.612600
600	250	4.8967e-03	1.7872e-03	2.0035e-02	1.1760e-04	 2.5830000	 2.913500	 2.0530000	 3.677900
600	300	5.7150e-02	2.1526e-02	1.1534e-01	3.0620e-03	 1.5792000	 2.023200	 1.1986000	 2.741100
600	350	3.6752e-01	2.4974e-01	5.2296e-01	9.9200e-02	 0.3384400	 0.675320	-0.0575920	 1.286100
600	400	7.5375e-01	6.7331e-01	8.5399e-01	4.8892e-01	-0.6863500	-0.449070	-1.0537000	 0.027782
600	412	7.5273e-01	6.7150e-01	8.5299e-01	4.8665e-01	-0.6830900	-0.444050	-1.0493000	 0.033475
600	427	8.9424e-01	8.8174e-01	9.5404e-01	7.8993e-01	-1.2494000	-1.183700	-1.6854000	-0.806170
600	 50	1.0949e-03	2.4188e-04	4.4982e-03	9.4595e-06	 3.0632000	 3.489600	 2.6122000	 4.277300
650	100	7.4823e-03	1.8842e-03	2.0824e-02	1.2583e-04	 2.4332000	 2.896900	 2.0370000	 3.660600
650	150	2.7855e-03	6.3524e-04	9.3229e-03	3.1671e-05	 2.7720000	 3.222600	 2.3525000	 4.000000
650	  1	6.1620e-04	1.2841e-04	2.7708e-03	4.3140e-06	 3.2313000	 3.655400	 2.7737000	 4.449000
650	200	9.6458e-03	2.7532e-03	2.7426e-02	2.0472e-04	 2.3398000	 2.775800	 1.9200000	 3.533900
650	250	7.6882e-02	2.9648e-02	1.4268e-01	4.7259e-03	 1.4264000	 1.886000	 1.0683000	 2.595300
650	300	4.0963e-02	1.8821e-02	1.0538e-01	2.5554e-03	 1.7396000	 2.078700	 1.2515000	 2.800000
650	350	3.9600e-01	2.4873e-01	5.2181e-01	9.8589e-02	 0.2637100	 0.678500	-0.0546970	 1.289600
650	400	5.7368e-01	4.1741e-01	6.8341e-01	2.2109e-01	-0.1857600	 0.208530	-0.4772600	 0.768530
650	450	8.0267e-01	7.5416e-01	8.9608e-01	5.9604e-01	-0.8512000	-0.687640	-1.2595000	-0.243100
650	462	8.1106e-01	7.6704e-01	9.0237e-01	6.1420e-01	-0.8818000	-0.729150	-1.2952000	-0.290280
650	477	9.1195e-01	9.0345e-01	9.6300e-01	8.2619e-01	-1.3529000	-1.301500	-1.7867000	-0.939230
650	 50	1.7229e-04	3.9170e-05	1.1031e-03	1.0029e-06	 3.5793000	 3.949400	 3.0610000	 4.752800
700	100	2.2617e-02	6.0674e-03	4.8220e-02	5.7052e-04	 2.0025000	 2.508200	 1.6624000	 3.253200
700	  1	1.6358e-02	4.8597e-03	4.1208e-02	4.2711e-04	 2.1355000	 2.585700	 1.7368000	 3.334600
700	200	6.3993e-02	2.2357e-02	1.1830e-01	3.2226e-03	 1.5221000	 2.007300	 1.1835000	 2.724200
700	250	1.1015e-01	4.5174e-02	1.8770e-01	8.4242e-03	 1.2257000	 1.693600	 0.8863900	 2.390000
700	300	9.4928e-02	3.7425e-02	1.6619e-01	6.4995e-03	 1.3110000	 1.781400	 0.9693200	 2.483800
700	350	2.8168e-01	1.7006e-01	4.2187e-01	5.5754e-02	 0.5778500	 0.953940	 0.1971100	 1.591500
700	400	4.1534e-01	2.5408e-01	5.2789e-01	1.0184e-01	 0.2138200	 0.661710	-0.0699560	 1.271100
700	450	7.2468e-01	6.2008e-01	8.2364e-01	4.2457e-01	-0.5968000	-0.305690	-0.9293100	 0.190200
700	500	8.2419e-01	7.8669e-01	9.1177e-01	6.4248e-01	-0.9314500	-0.794980	-1.3518000	-0.365100
700	 50	6.5982e-02	2.6243e-02	1.3162e-01	4.0035e-03	 1.5064000	 1.939100	 1.1187000	 2.651800
750	100	8.2264e-02	3.1528e-02	1.4857e-01	5.1393e-03	 1.3900000	 1.858800	 1.0426000	 2.566300
750	  1	1.5398e-01	6.4061e-02	2.3436e-01	1.3702e-02	 1.0195000	 1.521500	 0.7245700	 2.205700
750	200	1.6922e-01	7.1618e-02	2.5128e-01	1.6028e-02	 0.9572400	 1.463800	 0.6704800	 2.143700
750	300	2.2906e-01	1.0893e-01	3.2477e-01	2.9120e-02	 0.7419400	 1.232300	 0.4544100	 1.893900
750	350	3.6923e-01	2.2146e-01	4.8958e-01	8.2694e-02	 0.3339000	 0.767260	 0.0261200	 1.387200
750	400	4.7140e-01	3.0683e-01	5.8391e-01	1.3611e-01	 0.0717480	 0.504850	-0.2119000	 1.098000
750	450	7.4012e-01	6.4888e-01	8.4034e-01	4.5879e-01	-0.6437300	-0.382290	-0.9958400	 0.103480
750	500	7.0297e-01	6.5977e-01	8.4648e-01	4.7210e-01	-0.5329600	-0.411830	-1.0215000	 0.069996
750	 50	1.2195e-01	4.4538e-02	1.8600e-01	8.2606e-03	 1.1653000	 1.700300	 0.8927400	 2.397200
750	550	9.4279e-01	9.3932e-01	9.7727e-01	8.8831e-01	-1.5786000	-1.549100	-2.0004000	-1.217600
800	550	7.4299e-01	6.5408e-01	8.4328e-01	4.6513e-01	-0.6525800	-0.396360	-1.0080000	 0.087529
800	600	8.8329e-01	8.6787e-01	9.4819e-01	7.6728e-01	-1.1916000	-1.116400	-1.6276000	-0.729910
850	450	6.2671e-01	4.9374e-01	7.4150e-01	2.9029e-01	-0.3231500	 0.015681	-0.6479900	 0.552550
850	550	6.9074e-01	5.5227e-01	7.8148e-01	3.4936e-01	-0.4979400	-0.131400	-0.7772100	 0.387060
850	600	8.3080e-01	7.9634e-01	9.1631e-01	6.5665e-01	-0.9573400	-0.828630	-1.3807000	-0.403340
